Rk,Player,Pos,Age,Tm,G,GS,MP,FG,FGA,FG%,3P,3PA,3P%,2P,2PA,2P%,eFG%,FT,FTA,FT%,ORB,DRB,TRB,AST,STL,BLK,TOV,PF,PTS
1,Steven Adams\adamsst01,C,25,OKC,5,5,31.8,5.6,8.4,.667,0.0,0.2,.000,5.6,8.2,.683,.667,0.6,1.6,.375,2.4,4.8,7.2,1.4,1.0,1.0,1.8,2.6,11.8
2,LaMarcus Aldridge\aldrila01,C,33,SAS,7,7,34.9,7.9,17.3,.455,0.4,1.6,.273,7.4,15.7,.473,.467,3.9,4.7,.818,2.7,6.9,9.6,2.7,0.7,1.0,1.0,3.0,20.0
3,Grayson Allen\allengr01,SG,23,UTA,2,0,7.0,1.0,3.5,.286,0.0,1.5,.000,1.0,2.0,.500,.286,2.5,3.5,.714,0.0,0.5,0.5,0.0,0.0,0.0,0.0,0.0,4.5
4,Jarrett Allen\allenja01,C,20,BRK,5,5,22.0,3.8,6.4,.594,0.0,0.0,,3.8,6.4,.594,.594,3.4,4.0,.850,3.0,3.8,6.8,2.2,0.6,0.6,1.6,2.6,11.0
5,Al-Farouq Aminu\aminual01,PF,28,POR,16,16,24.9,2.4,6.8,.349,0.9,3.2,.294,1.4,3.6,.397,.417,1.7,2.3,.750,1.8,4.4,6.3,1.3,0.6,0.6,1.0,2.1,7.4
6,Giannis Antetokounmpo\antetgi01,PF,24,MIL,15,15,34.3,8.6,17.5,.492,1.2,3.7,.327,7.4,13.8,.536,.527,7.1,11.2,.637,2.5,9.8,12.3,4.9,1.1,2.0,3.3,3.2,25.5
7,D.J. Augustin\augusdj01,PG,31,ORL,5,5,28.2,4.0,8.2,.488,2.0,4.2,.476,2.0,4.0,.500,.610,2.8,3.2,.875,0.2,1.4,1.6,3.8,0.4,0.2,1.4,1.4,12.8
8,Will Barton\bartowi01,SG,28,DEN,14,3,23.4,3.4,9.6,.348,1.1,3.9,.273,2.3,5.7,.400,.404,1.3,1.9,.692,1.1,3.7,4.8,1.7,0.3,0.6,0.9,1.4,9.1
9,Aron Baynes\baynear01,C,32,BOS,9,5,12.8,0.9,1.6,.571,0.2,0.7,.333,0.7,0.9,.750,.643,0.1,0.2,.500,0.7,2.1,2.8,0.3,0.3,0.3,0.6,2.2,2.1
10,Malik Beasley\beaslma01,SG,22,DEN,14,0,20.1,2.6,6.6,.387,1.4,3.4,.404,1.2,3.3,.370,.489,1.6,2.2,.710,0.8,2.6,3.4,1.0,0.2,0.1,0.5,1.4,8.1
11,Marco Belinelli\belinma01,SG,32,SAS,7,0,18.7,2.0,5.4,.368,1.1,3.0,.381,0.9,2.4,.353,.474,0.7,0.9,.833,0.0,1.9,1.9,1.1,0.0,0.3,0.3,1.0,5.9
12,Jordan Bell\belljo01,C,24,GSW,11,1,7.3,1.3,2.5,.519,0.0,0.0,,1.3,2.5,.519,.519,0.6,0.9,.700,0.5,0.8,1.3,0.9,0.4,0.5,0.2,1.0,3.2
13,Davis Bertans\bertada01,PF,26,SAS,5,0,15.8,1.0,3.0,.333,0.6,2.2,.273,0.4,0.8,.500,.433,0.6,1.0,.600,0.0,1.6,1.6,1.0,0.0,0.2,0.2,2.0,3.2
14,Patrick Beverley\beverpa01,PG,30,LAC,6,6,32.5,3.3,7.8,.426,2.2,5.0,.433,1.2,2.8,.412,.564,1.0,1.3,.750,1.3,6.7,8.0,4.7,1.0,1.0,1.7,3.5,9.8
15,Khem Birch\birchkh01,C,26,ORL,5,0,18.4,2.0,3.6,.556,0.0,0.0,,2.0,3.6,.556,.556,1.2,1.4,.857,1.8,4.4,6.2,0.8,0.2,1.0,1.2,1.6,5.2
16,Eric Bledsoe\bledser01,PG,29,MIL,15,15,28.2,5.1,12.3,.411,1.1,4.8,.236,3.9,7.5,.522,.457,2.4,3.4,.706,1.3,2.4,3.7,4.3,1.1,0.4,2.2,1.9,13.7
17,Bojan Bogdanovic\bogdabo02,SF,29,IND,4,4,37.0,6.3,15.8,.397,1.8,5.5,.318,4.5,10.3,.439,.452,3.8,4.3,.882,0.8,5.0,5.8,2.8,2.0,0.0,1.5,1.8,18.0
18,Andrew Bogut\bogutan01,C,34,GSW,14,6,9.6,1.3,2.1,.621,0.0,0.0,,1.3,2.1,.621,.621,0.3,0.4,.800,1.4,2.9,4.2,1.3,0.3,0.4,0.6,2.1,2.9
19,Jonah Bolden\boldejo01,PF,23,PHI,10,0,7.9,0.5,1.9,.263,0.4,1.6,.250,0.1,0.3,.333,.368,0.2,0.4,.500,0.4,1.0,1.4,0.3,0.2,0.1,0.9,1.2,1.6
20,Chris Boucher\bouchch01,PF,26,TOR,2,0,2.0,1.0,2.5,.400,0.5,1.5,.333,0.5,1.0,.500,.500,0.0,0.5,.000,0.0,0.5,0.5,0.0,0.0,0.5,0.0,0.0,2.5
21,Malcolm Brogdon\brogdma01,SG,26,MIL,7,2,28.3,5.0,11.1,.449,2.0,5.3,.378,3.0,5.9,.512,.538,1.0,1.6,.636,0.9,4.0,4.9,3.4,0.7,0.1,1.4,2.3,13.0
22,Bruce Brown\brownbr01,SG,22,DET,4,2,14.3,1.3,3.5,.357,0.3,1.3,.200,1.0,2.3,.444,.393,0.5,0.5,1.000,0.3,1.8,2.0,0.5,0.5,0.3,0.5,2.0,3.3
23,Jaylen Brown\brownja02,SG,22,BOS,9,9,30.4,4.9,9.7,.506,1.6,4.4,.350,3.3,5.2,.638,.586,2.6,3.3,.767,0.7,5.1,5.8,1.1,0.7,0.2,1.7,3.3,13.9
24,Sterling Brown\brownst02,SG,23,MIL,11,5,14.7,1.4,3.5,.395,0.6,1.9,.333,0.7,1.5,.471,.487,0.7,1.0,.727,0.4,2.4,2.7,1.7,0.5,0.3,0.7,1.5,4.1
25,Deonte Burton\burtode02,SG,25,OKC,3,0,1.3,0.3,1.7,.200,0.0,0.7,.000,0.3,1.0,.333,.200,0.0,0.0,,0.3,0.3,0.7,0.0,0.0,0.0,0.0,0.0,0.7
26,Jimmy Butler\butleji01,SF,29,PHI,12,12,35.1,6.6,14.6,.451,1.0,3.8,.267,5.6,10.8,.515,.486,5.3,6.0,.875,1.8,4.3,6.1,5.2,1.4,0.6,1.8,1.7,19.4
27,Jose Calderon\caldejo01,PG,37,DET,3,0,3.3,0.0,0.0,,0.0,0.0,,0.0,0.0,,,0.0,0.0,,0.0,0.0,0.0,1.7,0.3,0.0,0.0,0.0,0.0
28,Clint Capela\capelca01,C,24,HOU,11,11,30.1,4.2,7.5,.561,0.0,0.0,,4.2,7.5,.561,.561,1.4,3.2,.429,3.7,6.5,10.3,1.5,0.3,1.1,1.5,2.4,9.7
29,DeMarre Carroll\carrode01,PF,32,BRK,5,3,23.8,1.8,7.6,.237,1.4,4.8,.292,0.4,2.8,.143,.329,1.6,1.6,1.000,1.2,2.8,4.0,0.4,0.8,0.0,0.6,1.6,6.6
30,Michael Carter-Williams\cartemi01,PG,27,ORL,5,0,18.4,2.4,6.2,.387,0.4,1.6,.250,2.0,4.6,.435,.419,1.4,1.6,.875,0.4,3.6,4.0,2.4,0.6,0.0,1.6,2.4,6.6
31,Wilson Chandler\chandwi01,SF,31,LAC,4,0,13.0,1.3,4.0,.313,0.3,2.5,.100,1.0,1.5,.667,.344,1.0,1.0,1.000,0.0,1.5,1.5,0.5,0.5,0.0,0.8,1.8,3.8
32,Gary Clark\clarkga01,PF,24,HOU,2,0,2.0,0.0,0.0,,0.0,0.0,,0.0,0.0,,,0.0,0.0,,0.0,0.5,0.5,0.0,0.0,0.0,0.0,0.0,0.0
33,Zach Collins\colliza01,C,21,POR,16,0,17.2,2.6,5.1,.506,0.4,1.3,.333,2.1,3.8,.567,.549,1.3,1.6,.800,1.0,2.6,3.6,0.9,0.4,1.4,1.3,3.4,6.8
34,Darren Collison\collida01,PG,31,IND,4,4,29.3,4.8,11.3,.422,1.0,2.8,.364,3.8,8.5,.441,.467,1.5,1.5,1.000,1.0,2.0,3.0,4.0,0.5,0.0,2.5,2.8,12.0
35,Pat Connaughton\connapa01,SG,26,MIL,15,0,21.6,2.5,5.1,.481,1.0,2.8,.357,1.5,2.3,.629,.578,0.3,0.5,.500,0.7,5.5,6.2,1.4,0.4,0.9,0.5,0.9,6.2
36,Quinn Cook\cookqu01,PG,25,GSW,11,0,9.5,1.5,3.7,.415,0.5,1.6,.333,1.0,2.1,.478,.488,0.2,0.2,1.000,0.2,1.0,1.2,0.6,0.2,0.0,0.4,0.5,3.8
37,DeMarcus Cousins\couside01,C,28,GSW,2,2,12.5,2.0,6.5,.308,0.5,1.5,.333,1.5,5.0,.300,.346,1.0,1.0,1.000,2.5,3.0,5.5,2.5,0.5,0.0,3.0,3.0,5.5
38,Torrey Craig\craigto01,SF,28,DEN,14,11,23.6,2.4,4.9,.478,1.2,2.6,.472,1.1,2.4,.485,.601,0.6,1.1,.563,1.5,3.6,5.1,0.9,0.5,0.4,0.4,2.7,6.6
39,Jae Crowder\crowdja01,SF,28,UTA,5,3,26.0,3.4,9.2,.370,1.8,6.0,.300,1.6,3.2,.500,.467,2.8,3.8,.737,0.8,5.0,5.8,0.8,1.0,0.0,0.2,1.4,11.4
40,Dante Cunningham\cunnida01,PF,31,SAS,5,0,2.6,0.4,0.6,.667,0.4,0.4,1.000,0.0,0.2,.000,1.000,0.0,0.0,,0.4,0.8,1.2,0.0,0.0,0.0,0.0,0.0,1.2
41,Seth Curry\curryse01,SG,28,POR,16,0,20.4,1.9,5.1,.366,1.3,3.3,.404,0.6,1.9,.300,.494,0.6,0.7,.818,0.3,1.3,1.6,0.8,0.8,0.3,0.4,1.7,5.6
42,Stephen Curry\curryst01,PG,30,GSW,16,16,37.2,8.6,18.9,.452,4.3,11.1,.390,4.3,7.9,.540,.566,5.9,6.3,.940,0.7,5.6,6.3,5.6,0.9,0.2,3.1,3.3,27.3
43,Ed Davis\davised01,C,29,BRK,3,0,13.7,2.3,3.3,.700,0.0,0.0,,2.3,3.3,.700,.700,0.7,0.7,1.000,1.3,5.0,6.3,0.7,0.0,0.3,0.0,3.0,5.3
44,DeMar DeRozan\derozde01,SG,29,SAS,7,7,35.9,8.3,17.0,.487,0.0,0.1,.000,8.3,16.9,.492,.487,5.4,6.3,.864,1.4,5.3,6.7,4.6,1.1,0.1,1.7,2.3,22.0
45,Spencer Dinwiddie\dinwisp01,PG,25,BRK,5,0,26.2,5.4,12.4,.435,1.8,4.8,.375,3.6,7.6,.474,.508,2.0,2.8,.714,0.8,1.8,2.6,1.6,0.4,0.0,1.6,2.0,14.6
46,Andre Drummond\drumman01,C,25,DET,4,4,31.8,6.0,13.5,.444,0.0,0.3,.000,6.0,13.3,.453,.444,2.3,5.3,.429,5.0,8.0,13.0,2.3,1.5,1.3,2.8,4.3,14.3
47,Jared Dudley\dudleja01,PF,33,BRK,4,2,20.5,0.8,2.8,.273,0.5,2.3,.222,0.3,0.5,.500,.364,1.0,1.0,1.000,0.0,0.5,0.5,2.8,0.8,0.3,1.0,2.5,3.0
48,Kevin Durant\duranke01,PF,30,GSW,11,11,39.1,11.1,21.6,.513,2.9,7.0,.416,8.2,14.6,.559,.580,9.1,10.1,.901,0.1,5.1,5.2,4.9,1.2,1.0,3.8,3.3,34.2
49,Wayne Ellington\ellinwa01,SG,31,DET,4,4,32.8,2.8,8.8,.314,1.8,5.5,.318,1.0,3.3,.308,.414,0.5,0.5,1.000,0.8,3.0,3.8,1.3,0.8,0.0,0.5,1.0,7.8
50,Joel Embiid\embiijo01,C,24,PHI,11,11,30.4,6.2,14.5,.428,1.1,3.5,.308,5.1,10.9,.467,.465,6.7,8.2,.822,1.9,8.5,10.5,3.4,0.7,2.3,3.6,3.1,20.2
51,James Ennis\ennisja01,SF,28,PHI,11,0,21.1,2.8,5.8,.484,0.8,2.9,.281,2.0,2.9,.688,.555,1.1,1.7,.632,1.5,2.4,3.8,1.1,0.4,0.3,0.9,2.8,7.5
52,Jacob Evans\evansja02,SG,21,GSW,4,0,4.0,0.5,0.5,1.000,0.3,0.3,1.000,0.3,0.3,1.000,1.250,0.0,0.0,,0.0,0.3,0.3,0.3,0.0,0.0,0.5,0.3,1.3
53,Tyreke Evans\evansty01,SG,29,IND,4,0,21.0,5.3,12.0,.438,2.8,5.0,.550,2.5,7.0,.357,.552,2.0,3.5,.571,0.0,4.3,4.3,0.8,0.5,0.3,1.5,2.0,15.3
54,Kenneth Faried\farieke01,C,29,HOU,6,0,9.3,1.5,2.2,.692,0.2,0.2,1.000,1.3,2.0,.667,.731,0.8,1.0,.833,0.5,3.0,3.5,0.3,0.3,0.0,0.0,1.0,4.0
55,Derrick Favors\favorde01,C,27,UTA,5,2,20.6,4.6,7.2,.639,0.0,0.6,.000,4.6,6.6,.697,.639,2.6,3.8,.684,3.0,4.4,7.4,0.8,0.8,1.8,1.0,2.4,11.8
56,Raymond Felton\feltora01,PG,34,OKC,5,0,11.4,0.8,2.6,.308,0.4,1.6,.250,0.4,1.0,.400,.385,0.2,0.4,.500,0.0,0.6,0.6,0.6,0.8,0.2,0.4,1.4,2.2
57,Terrance Ferguson\fergute01,SG,20,OKC,5,5,25.6,1.8,5.0,.360,1.4,3.6,.389,0.4,1.4,.286,.500,0.0,0.0,,0.4,2.0,2.4,1.2,0.4,0.0,1.0,3.8,5.0
58,Bryn Forbes\forbebr01,SG,25,SAS,7,7,30.3,3.9,8.0,.482,2.1,4.4,.484,1.7,3.6,.480,.616,0.9,1.3,.667,0.1,3.4,3.6,1.0,0.1,0.1,0.4,2.0,10.7
59,Evan Fournier\fournev01,SG,26,ORL,5,5,35.0,4.8,13.8,.348,1.6,6.8,.235,3.2,7.0,.457,.406,1.2,1.6,.750,0.6,2.6,3.2,2.0,1.4,0.0,2.4,2.8,12.4
60,Melvin Frazier\frazime01,SG,22,ORL,3,0,5.0,0.7,1.7,.400,0.0,0.0,,0.7,1.7,.400,.400,0.3,0.7,.500,0.3,1.0,1.3,0.0,0.3,0.0,0.0,0.0,1.7
61,Tim Frazier\fraziti01,PG,28,MIL,11,0,3.6,0.7,1.2,.615,0.3,0.5,.500,0.5,0.6,.714,.731,0.2,0.2,1.000,0.0,0.8,0.8,0.9,0.1,0.0,0.3,0.5,1.9
62,Danilo Gallinari\gallida01,SF,30,LAC,6,6,33.5,6.5,18.5,.351,2.2,7.2,.302,4.3,11.3,.382,.410,4.7,5.5,.848,1.5,4.7,6.2,2.7,1.3,0.2,1.8,2.3,19.8
63,Langston Galloway\gallola01,SG,27,DET,4,0,27.5,2.8,8.5,.324,2.3,6.3,.360,0.5,2.3,.222,.456,0.0,0.0,,0.5,3.3,3.8,1.0,0.5,1.0,0.5,2.5,7.8
64,Marc Gasol\gasolma01,C,34,TOR,18,18,31.2,3.1,7.4,.414,1.6,3.9,.400,1.5,3.5,.429,.519,0.9,1.1,.800,0.6,5.4,6.1,3.2,1.0,1.3,0.8,3.3,8.6
65,Rudy Gay\gayru01,PF,32,SAS,7,0,25.6,4.0,10.0,.400,1.1,2.7,.421,2.9,7.3,.392,.457,2.0,2.4,.824,1.9,5.3,7.1,1.7,0.4,0.7,1.4,1.9,11.1
66,Paul George\georgpa01,SF,28,OKC,5,5,40.8,8.8,20.2,.436,3.0,9.4,.319,5.8,10.8,.537,.510,8.0,9.8,.816,1.2,7.4,8.6,3.6,1.4,0.2,4.0,4.2,28.6
67,Shai Gilgeous-Alexander\gilgesh01,PG,20,LAC,6,6,28.8,4.7,10.0,.467,1.5,3.0,.500,3.2,7.0,.452,.542,2.8,3.3,.850,0.7,2.0,2.7,3.2,1.0,0.8,0.8,2.8,13.7
68,Rudy Gobert\goberru01,C,26,UTA,5,5,30.4,3.8,6.4,.594,0.0,0.0,,3.8,6.4,.594,.594,3.6,4.6,.783,4.6,5.6,10.2,1.4,0.6,2.6,1.8,3.2,11.2
69,Aaron Gordon\gordoaa01,PF,23,ORL,5,5,32.8,5.8,12.4,.468,1.6,4.0,.400,4.2,8.4,.500,.532,2.0,3.8,.526,2.2,5.0,7.2,3.6,1.2,0.2,2.6,3.2,15.2
70,Eric Gordon\gordoer01,SG,30,HOU,11,11,37.3,6.1,13.6,.447,3.5,8.6,.400,2.6,5.0,.527,.573,2.2,2.5,.857,0.5,2.0,2.5,1.3,0.6,1.0,2.5,2.0,17.8
71,Treveon Graham\grahatr01,SG,25,BRK,5,0,15.8,0.4,2.0,.200,0.0,1.4,.000,0.4,0.6,.667,.200,0.6,1.2,.500,0.6,1.6,2.2,0.6,0.4,0.2,0.6,2.0,1.4
72,Jerami Grant\grantje01,PF,24,OKC,5,5,35.2,4.0,8.0,.500,1.8,4.0,.450,2.2,4.0,.550,.613,1.8,2.6,.692,1.2,4.4,5.6,0.8,0.6,2.0,0.8,2.6,11.6
73,Jerian Grant\grantje02,PG,26,ORL,3,0,4.7,0.7,3.3,.200,0.0,2.3,.000,0.7,1.0,.667,.200,0.3,0.3,1.000,0.0,1.3,1.3,1.0,0.0,0.0,0.3,0.3,1.7
74,Danny Green\greenda02,SG,31,TOR,18,18,28.9,2.1,6.3,.325,1.5,4.8,.314,0.6,1.6,.357,.443,1.2,1.3,.913,0.6,3.1,3.7,1.1,1.3,0.4,1.0,2.5,6.8
75,Draymond Green\greendr01,PF,28,GSW,16,16,37.7,5.5,10.6,.521,0.5,2.4,.211,5.0,8.2,.611,.544,2.1,3.1,.660,2.0,7.9,9.9,8.2,1.4,1.7,3.3,3.7,13.6
76,Gerald Green\greenge01,SG,33,HOU,11,0,8.8,1.1,3.6,.300,0.9,2.6,.345,0.2,1.0,.182,.425,0.5,0.5,1.000,0.0,1.1,1.1,0.1,0.3,0.3,0.3,1.1,3.5
77,JaMychal Green\greenja01,PF,28,LAC,6,3,23.5,3.8,7.2,.535,2.0,3.8,.522,1.8,3.3,.550,.674,1.3,1.7,.800,1.0,4.3,5.3,0.8,0.7,0.0,1.8,3.7,11.0
78,Blake Griffin\griffbl01,PF,29,DET,2,2,29.0,9.0,19.5,.462,3.0,6.5,.462,6.0,13.0,.462,.538,3.5,3.5,1.000,2.0,4.0,6.0,6.0,1.0,0.0,3.0,4.5,24.5
79,James Harden\hardeja01,PG,29,HOU,11,11,38.5,9.9,24.0,.413,4.4,12.5,.350,5.5,11.5,.480,.504,7.5,8.9,.837,0.8,6.1,6.9,6.6,2.2,0.9,4.6,3.7,31.6
80,Maurice Harkless\harklma01,SF,25,POR,16,16,24.3,3.3,6.8,.477,0.4,1.8,.250,2.8,5.1,.556,.509,1.4,2.3,.639,1.8,3.1,4.9,1.4,1.1,1.0,1.1,3.5,8.4
81,Montrezl Harrell\harremo01,C,25,LAC,6,0,26.3,7.7,10.5,.730,0.0,0.2,.000,7.7,10.3,.742,.730,3.0,4.3,.692,2.0,3.5,5.5,2.2,0.5,0.7,1.3,3.2,18.3
82,Gary Harris\harriga01,SG,24,DEN,14,14,36.9,5.2,11.3,.462,1.4,4.1,.351,3.8,7.2,.525,.525,2.4,2.7,.868,0.6,3.5,4.1,2.3,0.9,0.6,0.8,2.7,14.2
83,Joe Harris\harrijo01,SG,27,BRK,5,5,29.8,3.2,8.6,.372,0.8,4.2,.190,2.4,4.4,.545,.419,1.6,1.6,1.000,1.2,3.0,4.2,0.6,0.6,0.0,1.8,2.4,8.8
84,Tobias Harris\harrito02,PF,26,PHI,12,12,36.9,5.9,13.9,.425,1.8,5.3,.349,4.1,8.7,.471,.491,1.8,2.2,.846,1.0,8.1,9.1,4.0,1.1,0.5,1.6,2.5,15.5
85,Isaiah Hartenstein\harteis01,PF,20,HOU,2,0,1.0,1.0,1.0,1.000,0.0,0.0,,1.0,1.0,1.000,1.000,0.0,0.0,,0.5,0.0,0.5,0.0,0.0,0.0,0.0,0.5,2.0
86,Gordon Hayward\haywago01,PF,28,BOS,9,0,29.7,3.2,7.8,.414,1.0,2.7,.375,2.2,5.1,.435,.479,2.1,2.1,1.000,0.3,3.7,4.0,2.4,0.7,0.3,1.7,1.8,9.6
87,Juan Hernangomez\hernaju01,PF,23,DEN,5,0,3.0,0.2,0.6,.333,0.2,0.4,.500,0.0,0.2,.000,.500,0.0,0.0,,0.0,0.6,0.6,0.0,0.0,0.0,0.2,0.4,0.6
88,Nene Hilario\hilarne01,C,36,HOU,7,0,7.6,1.4,1.4,1.000,0.0,0.0,,1.4,1.4,1.000,1.000,1.0,1.3,.778,1.3,0.7,2.0,0.4,0.4,0.3,0.4,1.0,3.9
89,George Hill\hillge01,PG,32,MIL,15,0,26.3,4.2,7.9,.534,1.3,3.2,.417,2.9,4.7,.614,.619,1.8,2.2,.818,1.0,2.5,3.5,2.8,0.9,0.3,0.4,2.3,11.5
90,Aaron Holiday\holidaa01,PG,22,IND,3,0,4.3,0.7,1.7,.400,0.3,0.7,.500,0.3,1.0,.333,.500,0.0,0.0,,0.0,0.0,0.0,0.0,0.0,0.0,0.3,1.0,1.7
91,Rondae Hollis-Jefferson\holliro01,SF,24,BRK,4,0,15.5,4.0,8.3,.485,0.3,0.3,1.000,3.8,8.0,.469,.500,5.0,6.3,.800,0.8,2.3,3.0,1.5,0.3,1.3,0.8,1.8,13.3
92,Rodney Hood\hoodro01,SG,26,POR,16,0,23.3,3.3,6.9,.468,1.1,3.2,.353,2.1,3.8,.567,.550,2.3,2.8,.818,0.6,1.7,2.3,0.9,0.4,0.2,0.4,1.8,9.9
93,Al Horford\horfoal01,C,32,BOS,9,9,34.4,5.1,12.2,.418,2.0,4.9,.409,3.1,7.3,.424,.500,1.7,2.0,.833,1.4,7.6,9.0,4.4,0.4,0.8,2.1,2.3,13.9
94,Danuel House\houseda01,SF,25,HOU,7,0,20.1,1.6,5.3,.297,1.1,4.4,.258,0.4,0.9,.500,.405,0.6,1.1,.500,0.3,2.9,3.1,0.1,0.4,0.3,0.6,1.6,4.9
95,Serge Ibaka\ibakase01,C,29,TOR,18,0,21.3,3.6,7.9,.448,0.4,1.8,.219,3.2,6.2,.514,.472,1.2,1.6,.759,1.3,4.9,6.2,0.9,0.3,0.7,0.9,3.1,8.7
96,Andre Iguodala\iguodan01,SF,35,GSW,15,9,29.4,4.0,7.7,.522,1.3,3.6,.370,2.7,4.1,.656,.609,0.7,1.9,.393,1.5,2.8,4.3,3.9,1.2,0.9,0.8,2.1,10.1
97,Ersan Ilyasova\ilyaser01,PF,31,MIL,15,0,18.1,2.3,5.4,.432,0.8,2.7,.300,1.5,2.7,.561,.506,1.3,1.7,.800,1.3,3.4,4.7,1.4,0.7,0.4,0.4,2.7,6.8
98,Joe Ingles\inglejo01,PF,31,UTA,5,5,30.2,2.4,7.4,.324,1.6,5.8,.276,0.8,1.6,.500,.432,0.0,0.0,,0.6,4.2,4.8,5.0,2.2,0.0,1.6,2.8,6.4
99,Kyrie Irving\irvinky01,PG,26,BOS,9,9,36.7,7.7,19.9,.385,2.0,6.4,.310,5.7,13.4,.421,.436,4.0,4.4,.900,0.6,3.9,4.4,7.0,1.3,0.4,3.1,2.9,21.3
100,Jonathan Isaac\isaacjo01,PF,21,ORL,5,5,27.4,2.2,8.0,.275,0.8,4.0,.200,1.4,4.0,.350,.325,1.4,1.6,.875,2.0,4.2,6.2,0.4,0.4,1.0,1.0,1.8,6.6
101,Wesley Iwundu\iwundwe01,SF,24,ORL,5,0,12.0,1.2,3.6,.333,0.6,1.8,.333,0.6,1.8,.333,.417,1.8,1.8,1.000,0.0,1.4,1.4,0.8,0.6,0.0,0.4,0.8,4.8
102,Reggie Jackson\jacksre01,PG,28,DET,4,4,27.0,7.0,16.3,.431,2.3,5.3,.429,4.8,11.0,.432,.500,1.5,1.8,.857,1.3,2.0,3.3,7.0,0.8,0.0,1.3,3.0,17.8
103,Jonas Jerebko\jerebjo01,PF,31,GSW,12,0,7.9,0.7,2.3,.286,0.2,0.9,.182,0.5,1.4,.353,.321,0.2,0.2,1.000,0.9,1.5,2.4,0.9,0.1,0.2,0.2,0.6,1.7
104,Amir Johnson\johnsam01,C,31,PHI,4,0,5.0,1.0,1.0,1.000,0.0,0.0,,1.0,1.0,1.000,1.000,0.0,0.0,,0.8,0.5,1.3,0.5,0.3,0.0,0.3,0.8,2.0
105,Nikola Jokic\jokicni01,C,23,DEN,14,14,39.8,9.4,18.6,.506,1.6,4.0,.393,7.9,14.6,.537,.548,4.7,5.6,.846,3.9,9.1,13.0,8.4,1.1,0.9,2.6,3.9,25.1
106,Damian Jones\jonesda03,C,23,GSW,3,1,2.0,0.3,0.3,1.000,0.0,0.0,,0.3,0.3,1.000,1.000,0.3,0.7,.500,0.0,0.7,0.7,0.0,0.0,0.0,0.3,1.0,1.0
107,Cory Joseph\josepco01,PG,27,IND,4,0,21.3,3.0,6.0,.500,1.0,2.3,.444,2.0,3.8,.533,.583,0.5,0.5,1.000,0.3,1.5,1.8,1.0,1.0,0.0,0.0,1.8,7.5
108,Enes Kanter\kanteen01,C,26,POR,16,14,28.8,4.7,9.1,.514,0.1,0.3,.250,4.6,8.9,.521,.517,1.9,2.6,.756,3.3,6.4,9.7,1.2,0.7,0.6,1.6,2.3,11.4
109,Luke Kennard\kennalu01,SG,22,DET,4,2,33.3,5.8,11.8,.489,2.3,3.8,.600,3.5,8.0,.438,.585,1.3,1.5,.833,0.0,4.0,4.0,1.8,0.8,0.3,0.8,1.5,15.0
110,Furkan Korkmaz\korkmfu01,SG,21,PHI,4,0,9.0,1.5,4.5,.333,0.8,2.0,.375,0.8,2.5,.300,.417,1.0,1.3,.800,0.0,1.5,1.5,1.3,0.0,0.3,0.3,1.3,4.8
111,Kyle Korver\korveky01,SG,37,UTA,4,0,7.5,0.8,2.0,.375,0.5,1.5,.333,0.3,0.5,.500,.500,0.5,0.8,.667,0.3,1.0,1.3,0.0,0.0,0.0,0.3,1.5,2.5
112,Rodions Kurucs\kurucro01,SF,20,BRK,4,3,17.0,2.0,5.0,.400,0.5,2.0,.250,1.5,3.0,.500,.450,1.8,2.3,.778,1.5,3.5,5.0,0.8,0.5,0.0,0.5,2.5,6.3
113,Skal Labissiere\labissk01,PF,22,POR,3,0,3.7,0.3,1.3,.250,0.0,0.7,.000,0.3,0.7,.500,.250,0.0,0.3,.000,0.0,0.0,0.0,0.0,0.0,0.0,0.0,0.3,0.7
114,Jake Layman\laymaja01,SF,24,POR,6,0,3.3,0.2,1.2,.143,0.0,0.8,.000,0.2,0.3,.500,.143,0.5,0.7,.750,0.2,0.5,0.7,0.0,0.0,0.0,0.0,0.5,0.8
115,T.J. Leaf\leaftj01,PF,21,IND,1,0,10.0,0.0,3.0,.000,0.0,1.0,.000,0.0,2.0,.000,.000,2.0,2.0,1.000,1.0,2.0,3.0,0.0,0.0,0.0,0.0,0.0,2.0
116,Kawhi Leonard\leonaka01,SF,27,TOR,18,18,38.7,10.8,21.3,.507,2.2,5.7,.388,8.6,15.6,.550,.559,7.4,8.4,.875,2.1,6.7,8.8,3.8,1.6,0.6,3.1,2.3,31.2
117,Meyers Leonard\leoname01,C,26,POR,11,2,15.5,3.1,5.9,.523,1.3,3.0,.424,1.8,2.9,.625,.631,0.3,0.8,.333,0.5,3.1,3.6,1.1,0.2,0.1,0.4,2.5,7.7
118,Jon Leuer\leuerjo01,PF,29,DET,1,0,5.0,1.0,2.0,.500,0.0,0.0,,1.0,2.0,.500,.500,0.0,1.0,.000,0.0,0.0,0.0,0.0,0.0,0.0,0.0,1.0,2.0
119,Caris LeVert\leverca01,SF,24,BRK,5,2,28.8,7.2,14.6,.493,2.4,5.2,.462,4.8,9.4,.511,.575,4.2,5.8,.724,1.2,3.4,4.6,3.0,1.0,0.4,2.0,1.6,21.0
120,Damian Lillard\lillada01,PG,28,POR,16,16,40.6,8.6,20.6,.418,3.7,9.9,.373,4.9,10.8,.459,.508,5.9,7.1,.833,0.5,4.3,4.8,6.6,1.7,0.3,3.8,2.5,26.9
121,Jeremy Lin\linje01,PG,30,TOR,7,0,3.7,0.3,1.3,.222,0.1,0.3,.500,0.1,1.0,.143,.278,0.6,0.6,1.000,0.0,0.4,0.4,0.6,0.1,0.0,0.7,0.3,1.3
122,Shaun Livingston\livinsh01,PG,33,GSW,16,1,14.0,1.5,3.2,.471,0.0,0.1,.000,1.5,3.1,.480,.471,0.8,1.1,.765,0.5,0.9,1.4,1.4,0.4,0.2,0.2,1.7,3.8
123,Kevon Looney\looneke01,C,22,GSW,16,0,20.5,3.1,4.3,.725,0.0,0.0,,3.1,4.3,.725,.725,1.3,1.6,.800,2.1,2.8,4.9,0.9,0.6,0.6,0.5,2.3,7.5
124,Brook Lopez\lopezbr01,C,30,MIL,15,15,29.2,4.1,8.9,.455,1.5,5.0,.293,2.6,3.9,.661,.537,1.6,1.9,.828,0.8,4.7,5.5,1.4,0.4,1.9,0.7,3.1,11.2
125,Kyle Lowry\lowryky01,PG,32,TOR,18,18,37.3,4.9,11.0,.444,2.1,5.9,.355,2.8,5.1,.549,.540,2.8,3.4,.806,1.0,4.2,5.2,6.4,1.2,0.2,2.1,3.8,14.7
126,Trey Lyles\lylestr01,PF,23,DEN,3,0,2.7,0.0,1.0,.000,0.0,0.3,.000,0.0,0.7,.000,.000,0.0,0.0,,0.3,0.0,0.3,0.7,0.0,0.0,0.0,0.3,0.0
127,Thon Maker\makerth01,PF,21,DET,4,2,17.3,1.8,6.5,.269,0.0,3.0,.000,1.8,3.5,.500,.269,2.0,2.3,.889,1.0,1.3,2.3,1.0,0.0,1.0,0.8,3.5,5.5
128,Boban Marjanovic\marjabo01,C,30,PHI,11,0,9.5,2.2,3.6,.600,0.0,0.3,.000,2.2,3.4,.649,.600,1.5,1.7,.842,1.2,2.1,3.3,1.0,0.2,0.3,1.3,1.6,5.8
129,Jarell Martin\martija01,PF,24,ORL,3,0,6.0,1.3,3.0,.444,0.7,2.3,.286,0.7,0.7,1.000,.556,0.0,0.7,.000,0.3,0.3,0.7,0.3,0.0,0.3,0.0,0.3,3.3
130,Wesley Matthews\matthwe02,SG,32,IND,4,4,29.8,2.3,7.5,.300,1.8,5.3,.333,0.5,2.3,.222,.417,0.8,0.8,1.000,0.0,2.5,2.5,2.0,0.8,0.3,2.0,1.5,7.0
131,Patrick McCaw\mccawpa01,SG,23,TOR,7,0,5.1,0.0,0.4,.000,0.0,0.3,.000,0.0,0.1,.000,.000,0.3,0.3,1.000,0.3,0.1,0.4,0.3,0.3,0.0,0.1,0.6,0.3
132,CJ McCollum\mccolcj01,SG,27,POR,16,16,39.7,9.6,21.9,.440,2.9,7.3,.393,6.8,14.6,.464,.506,2.6,3.5,.732,0.9,4.1,5.0,3.7,0.8,0.6,1.9,2.1,24.7
133,T.J. McConnell\mccontj01,PG,26,PHI,9,0,8.3,1.3,3.0,.444,0.0,0.0,,1.3,3.0,.444,.444,0.0,0.0,,0.1,0.6,0.7,1.2,0.2,0.1,0.1,0.4,2.7
134,Doug McDermott\mcderdo01,SF,27,IND,3,0,9.7,0.7,3.3,.200,0.0,2.3,.000,0.7,1.0,.667,.200,0.7,1.3,.500,1.0,0.7,1.7,1.3,0.0,0.3,0.0,0.7,2.0
135,Alfonzo McKinnie\mckinal01,SF,26,GSW,16,1,11.1,1.3,2.7,.488,0.4,1.4,.318,0.9,1.3,.667,.570,0.3,0.4,.571,0.8,1.8,2.5,0.1,0.1,0.1,0.2,1.3,3.3
136,Jodie Meeks\meeksjo01,SG,31,TOR,13,0,5.1,0.7,2.2,.310,0.2,1.0,.154,0.5,1.2,.438,.345,0.2,0.2,.667,0.0,0.7,0.7,0.1,0.3,0.1,0.2,0.5,1.7
137,Khris Middleton\middlkh01,SF,27,MIL,15,15,34.3,5.6,13.4,.418,2.7,6.1,.435,2.9,7.3,.404,.517,3.1,3.5,.885,0.6,5.7,6.3,4.4,0.6,0.0,1.9,2.9,16.9
138,Malcolm Miller\millema01,SF,25,TOR,9,0,3.0,0.2,0.9,.250,0.1,0.7,.167,0.1,0.2,.500,.313,0.3,0.4,.750,0.0,0.6,0.6,0.1,0.0,0.1,0.1,0.3,0.9
139,Patty Mills\millspa02,PG,30,SAS,7,0,21.7,2.0,6.1,.326,0.4,3.1,.136,1.6,3.0,.524,.360,0.9,1.4,.600,0.1,2.0,2.1,3.6,1.0,0.1,0.4,1.3,5.3
140,Paul Millsap\millspa01,PF,33,DEN,14,14,33.5,5.2,11.2,.465,0.9,2.7,.316,4.4,8.5,.513,.503,3.4,4.4,.770,1.7,5.0,6.7,0.8,0.9,1.1,1.3,3.4,14.6
141,Nikola Mirotic\mirotni01,PF,27,MIL,14,8,21.3,3.1,8.4,.376,1.6,5.4,.289,1.6,2.9,.537,.470,1.6,2.0,.821,1.2,3.1,4.3,0.7,0.7,0.2,1.0,1.8,9.5
142,Donovan Mitchell\mitchdo01,SG,22,UTA,5,5,38.6,7.2,22.4,.321,2.2,8.6,.256,5.0,13.8,.362,.371,4.8,6.6,.727,1.4,3.6,5.0,3.2,1.6,0.2,4.2,3.0,21.4
143,Greg Monroe\monrogr01,C,28,PHI,10,1,9.0,1.6,4.0,.400,0.1,0.4,.250,1.5,3.6,.417,.413,0.7,0.9,.778,1.4,1.7,3.1,0.4,0.5,0.4,0.4,1.1,4.0
144,Eric Moreland\moreler01,PF,27,TOR,8,0,3.5,0.1,0.3,.500,0.0,0.0,,0.1,0.3,.500,.500,0.0,0.0,,0.1,1.5,1.6,0.4,0.0,0.0,0.0,0.6,0.3
145,Marcus Morris\morrima03,PF,29,BOS,9,4,28.2,4.6,8.8,.519,2.0,4.4,.450,2.6,4.3,.590,.633,2.6,3.4,.742,1.3,6.8,8.1,1.2,0.1,0.6,0.8,2.4,13.7
146,Markieff Morris\morrima02,PF,29,OKC,5,0,11.8,1.0,3.2,.313,0.4,1.4,.286,0.6,1.8,.333,.375,1.4,1.8,.778,0.8,1.8,2.6,1.0,0.2,0.6,0.4,1.8,3.8
147,Monte Morris\morrimo01,PG,23,DEN,14,0,16.0,2.4,6.1,.384,0.0,0.9,.000,2.4,5.2,.452,.384,0.6,0.9,.692,0.2,1.1,1.4,2.6,0.4,0.1,0.4,1.1,5.4
148,Donatas Motiejunas\motiedo01,PF,28,SAS,5,0,3.8,1.2,2.0,.600,0.0,0.2,.000,1.2,1.8,.667,.600,0.2,0.4,.500,0.6,0.8,1.4,0.4,0.0,0.0,0.0,0.2,2.6
149,Jamal Murray\murraja01,PG,21,DEN,14,14,36.3,7.6,18.0,.425,2.0,5.9,.337,5.6,12.1,.467,.480,4.0,4.4,.903,1.4,3.0,4.4,4.7,1.0,0.1,1.6,1.7,21.3
150,Dzanan Musa\musadz01,SG,19,BRK,2,0,7.5,1.0,1.5,.667,0.0,0.5,.000,1.0,1.0,1.000,.667,0.0,0.0,,0.0,0.0,0.0,0.0,1.0,0.0,1.5,2.0,2.0
151,Abdel Nader\naderab01,SF,25,OKC,3,0,1.7,0.3,0.7,.500,0.0,0.0,,0.3,0.7,.500,.500,0.0,0.0,,0.0,0.0,0.0,0.0,0.0,0.3,0.0,0.0,0.7
152,Shabazz Napier\napiesh01,PG,27,BRK,3,0,9.3,2.3,3.7,.636,1.0,1.7,.600,1.3,2.0,.667,.773,2.3,2.7,.875,0.7,1.7,2.3,3.7,0.3,0.0,0.0,0.3,8.0
153,Raul Neto\netora01,PG,26,UTA,3,0,6.7,0.3,2.0,.167,0.0,0.3,.000,0.3,1.7,.200,.167,0.0,0.0,,0.0,1.0,1.0,0.3,0.0,0.0,0.0,0.7,0.7
154,Georges Niang\niangge01,PF,25,UTA,5,0,11.0,1.8,4.4,.409,0.8,2.6,.308,1.0,1.8,.556,.500,0.0,0.0,,0.0,2.8,2.8,1.0,0.2,0.2,0.4,1.0,4.4
155,Nerlens Noel\noelne01,C,24,OKC,5,0,12.0,2.4,4.0,.600,0.0,0.0,,2.4,4.0,.600,.600,0.0,0.4,.000,2.2,1.6,3.8,0.0,0.4,0.6,1.0,1.8,4.8
156,Royce O'Neale\onealro01,SF,25,UTA,5,0,27.4,4.2,9.0,.467,1.6,4.6,.348,2.6,4.4,.591,.556,0.6,0.8,.750,0.4,4.2,4.6,1.6,0.4,0.4,2.0,3.0,10.6
157,Kyle O'Quinn\oquinky01,C,28,IND,1,0,2.0,0.0,0.0,,0.0,0.0,,0.0,0.0,,,0.0,0.0,,0.0,0.0,0.0,0.0,0.0,0.0,1.0,0.0,0.0
158,Semi Ojeleye\ojelese01,PF,24,BOS,6,0,5.7,0.7,1.5,.444,0.5,0.8,.600,0.2,0.7,.250,.611,0.3,0.3,1.000,0.2,0.2,0.3,0.3,0.0,0.0,0.2,0.8,2.2
159,Zaza Pachulia\pachuza01,C,34,DET,2,0,11.0,1.0,3.0,.333,0.0,0.0,,1.0,3.0,.333,.333,0.5,1.0,.500,0.5,4.0,4.5,0.0,0.0,0.0,0.5,1.5,2.5
160,Chris Paul\paulch01,PG,33,HOU,11,11,36.1,6.0,13.5,.446,1.5,5.7,.270,4.5,7.7,.576,.503,3.5,4.1,.844,1.3,5.1,6.4,5.5,2.2,0.6,3.4,3.3,17.0
161,Theo Pinson\pinsoth01,SG,23,BRK,3,0,7.3,1.0,2.7,.375,1.0,2.3,.429,0.0,0.3,.000,.563,0.0,0.0,,0.0,1.0,1.0,1.0,0.7,0.0,0.3,0.0,3.0
162,Mason Plumlee\plumlma01,C,28,DEN,14,0,15.6,1.7,3.4,.511,0.0,0.1,.000,1.7,3.3,.522,.511,1.1,2.0,.571,1.9,2.6,4.4,1.5,0.5,0.7,0.6,2.8,4.6
163,Jakob Poeltl\poeltja01,C,23,SAS,7,7,25.3,3.3,5.1,.639,0.0,0.1,.000,3.3,5.0,.657,.639,0.7,1.3,.556,3.6,4.1,7.7,1.7,0.3,0.7,0.4,3.7,7.3
164,Quincy Pondexter\pondequ01,SF,30,SAS,5,0,2.4,0.0,0.4,.000,0.0,0.2,.000,0.0,0.2,.000,.000,0.0,0.0,,0.0,0.2,0.2,0.4,0.2,0.0,0.0,0.4,0.0
165,Norman Powell\powelno01,SG,25,TOR,17,0,17.6,3.1,6.6,.460,1.4,3.3,.411,1.7,3.4,.509,.562,0.7,1.0,.706,0.3,2.4,2.6,1.3,0.4,0.0,0.6,1.6,8.2
166,J.J. Redick\redicjj01,SG,34,PHI,12,12,31.3,4.5,10.3,.435,3.0,7.3,.414,1.5,3.1,.486,.581,1.4,1.7,.850,0.1,1.3,1.4,1.6,0.1,0.3,1.8,2.7,13.4
167,Austin Rivers\riverau01,SG,26,HOU,10,0,21.5,2.7,6.2,.435,1.6,3.5,.457,1.1,2.7,.407,.565,0.4,0.6,.667,0.2,1.9,2.1,1.0,0.5,0.1,0.8,3.1,7.4
168,Glenn Robinson\robingl02,SF,25,DET,3,0,12.0,1.3,5.0,.267,0.3,2.7,.125,1.0,2.3,.429,.300,1.3,1.3,1.000,0.7,1.7,2.3,0.7,0.7,0.0,0.3,1.7,4.3
169,Jerome Robinson\robinje01,SG,21,LAC,5,0,9.2,1.0,2.8,.357,0.6,1.2,.500,0.4,1.6,.250,.464,1.0,1.0,1.000,0.4,0.8,1.2,1.4,0.4,0.0,0.2,0.8,3.6
170,Terrence Ross\rosste01,SG,27,ORL,5,0,29.2,4.0,10.8,.370,2.4,7.0,.343,1.6,3.8,.421,.481,2.8,3.4,.824,0.2,3.4,3.6,1.4,1.2,0.4,2.0,2.0,13.2
171,Terry Rozier\roziete01,PG,24,BOS,9,0,18.0,2.1,6.6,.322,0.9,3.8,.235,1.2,2.8,.440,.390,1.3,1.8,.750,0.4,3.9,4.3,1.9,0.4,0.2,1.1,1.7,6.4
172,Ricky Rubio\rubiori01,PG,28,UTA,5,5,33.6,5.6,13.2,.424,0.8,4.0,.200,4.8,9.2,.522,.455,3.4,4.0,.850,0.6,2.6,3.2,8.6,2.4,0.2,3.0,2.8,15.4
173,D'Angelo Russell\russeda01,PG,22,BRK,5,5,29.6,7.4,20.6,.359,2.4,7.4,.324,5.0,13.2,.379,.417,2.2,2.6,.846,0.4,3.2,3.6,3.6,1.4,0.2,2.8,2.4,19.4
174,Domantas Sabonis\sabondo01,C,22,IND,4,0,24.0,3.0,7.3,.414,0.3,1.0,.250,2.8,6.3,.440,.431,2.3,3.5,.643,1.8,5.5,7.3,4.0,0.8,0.3,1.3,3.0,8.5
175,Dennis Schroder\schrode01,PG,25,OKC,5,0,30.2,5.0,11.0,.455,1.2,4.0,.300,3.8,7.0,.543,.509,2.6,3.6,.722,0.4,2.8,3.2,3.4,0.8,0.0,1.2,2.2,13.8
176,Mike Scott\scottmi01,PF,30,PHI,10,0,19.3,2.1,4.7,.447,1.2,3.4,.353,0.9,1.3,.692,.574,0.2,0.2,1.000,0.4,3.0,3.4,0.5,0.3,0.0,0.7,2.2,5.6
177,Thabo Sefolosha\sefolth01,SF,34,UTA,4,0,10.5,0.5,3.5,.143,0.3,2.0,.125,0.3,1.5,.167,.179,0.0,0.0,,0.3,1.8,2.0,0.5,0.0,0.0,0.3,0.8,1.3
178,Landry Shamet\shamela01,SG,21,LAC,6,6,29.0,2.2,6.3,.342,1.7,5.2,.323,0.5,1.2,.429,.474,1.7,1.7,1.000,0.2,1.8,2.0,1.7,1.0,0.0,1.2,2.5,7.7
179,Iman Shumpert\shumpim01,SG,28,HOU,8,0,13.6,1.3,3.3,.385,1.0,2.8,.364,0.3,0.5,.500,.538,0.1,0.5,.250,0.1,1.4,1.5,0.3,0.1,0.0,0.4,1.3,3.6
180,Pascal Siakam\siakapa01,PF,24,TOR,18,18,36.2,7.3,15.9,.458,1.3,4.6,.289,5.9,11.3,.527,.500,2.8,3.7,.758,1.6,5.4,7.0,2.4,1.2,0.7,1.3,3.1,18.7
181,Ben Simmons\simmobe01,PG,22,PHI,12,12,35.1,6.0,9.7,.621,0.0,0.0,,6.0,9.7,.621,.621,1.9,3.3,.575,2.0,5.1,7.1,6.0,1.3,1.0,2.7,3.8,13.9
182,Jonathon Simmons\simmojo02,SF,29,PHI,7,0,7.4,1.4,4.3,.333,0.3,1.4,.200,1.1,2.9,.400,.367,0.4,0.6,.750,0.3,1.0,1.3,0.3,0.1,0.0,0.9,0.3,3.6
183,Anfernee Simons\simonan01,SG,19,POR,5,0,2.4,0.0,1.4,.000,0.0,0.4,.000,0.0,1.0,.000,.000,0.8,1.0,.800,0.0,0.0,0.0,0.0,0.2,0.0,0.0,0.4,0.8
184,Marcus Smart\smartma01,SG,24,BOS,2,0,16.0,0.5,5.5,.091,0.5,5.5,.091,0.0,0.0,,.136,2.0,3.0,.667,2.0,0.0,2.0,2.0,1.5,0.0,1.5,1.5,3.5
185,Ish Smith\smithis01,PG,30,DET,4,0,20.3,2.5,9.5,.263,0.3,1.8,.143,2.3,7.8,.290,.276,0.8,1.0,.750,0.3,2.5,2.8,3.5,0.8,0.3,1.0,2.0,6.0
186,Zhaire Smith\smithzh01,SG,19,PHI,2,0,2.5,0.0,0.0,,0.0,0.0,,0.0,0.0,,,0.0,0.0,,0.0,0.0,0.0,0.0,0.5,0.0,0.0,0.0,0.0
187,Tony Snell\snellto01,SF,27,MIL,9,0,3.1,0.2,0.7,.333,0.1,0.2,.500,0.1,0.4,.250,.417,0.0,0.0,,0.1,0.1,0.2,0.0,0.1,0.1,0.0,0.3,0.6
188,Edmond Sumner\sumneed01,PG,23,IND,1,0,2.0,0.0,0.0,,0.0,0.0,,0.0,0.0,,,0.0,0.0,,0.0,2.0,2.0,0.0,0.0,0.0,0.0,0.0,0.0
189,Jayson Tatum\tatumja01,SF,20,BOS,9,9,32.8,5.4,12.4,.438,1.1,3.4,.323,4.3,9.0,.481,.482,3.2,4.3,.744,0.8,5.9,6.7,1.9,1.1,0.8,2.0,2.3,15.2
190,Garrett Temple\templga01,SG,32,LAC,6,0,10.5,0.5,1.8,.273,0.2,1.2,.143,0.3,0.7,.500,.318,1.2,1.7,.700,0.2,1.0,1.2,0.3,0.5,0.2,0.3,1.3,2.3
191,Daniel Theis\theisda01,C,26,BOS,7,0,6.0,0.7,2.0,.357,0.0,0.3,.000,0.7,1.7,.417,.357,0.3,0.3,1.000,0.6,0.9,1.4,0.0,0.1,0.1,0.1,0.6,1.7
192,Khyri Thomas\thomakh01,SG,22,DET,3,0,5.0,2.0,4.0,.500,0.3,1.3,.250,1.7,2.7,.625,.542,0.3,0.3,1.000,0.0,0.7,0.7,0.0,0.7,0.0,0.0,0.0,4.7
193,Klay Thompson\thompkl01,SG,28,GSW,16,16,39.4,7.4,17.2,.429,2.9,7.3,.393,4.5,9.9,.456,.513,1.4,1.6,.920,0.5,3.4,3.9,2.0,1.5,0.9,2.0,2.8,19.1
194,Sindarius Thornwell\thornsi01,SG,24,LAC,4,0,3.0,0.5,1.5,.333,0.3,0.8,.333,0.3,0.8,.333,.417,0.0,0.0,,0.0,1.0,1.0,0.0,0.3,0.0,0.0,0.5,1.3
195,P.J. Tucker\tuckepj01,PF,33,HOU,11,11,38.7,3.6,8.0,.455,2.4,5.2,.456,1.3,2.8,.452,.602,1.7,2.1,.826,1.7,5.7,7.5,1.7,1.7,0.7,0.7,3.2,11.4
196,Evan Turner\turneev01,PG,30,POR,16,0,15.3,0.9,2.9,.326,0.1,0.1,1.000,0.9,2.8,.311,.337,0.8,0.9,.800,0.8,3.8,4.6,2.2,0.2,0.2,0.8,1.4,2.7
197,Myles Turner\turnemy01,C,22,IND,4,4,31.5,3.5,8.8,.400,0.8,3.5,.214,2.8,5.3,.524,.443,2.0,3.3,.615,1.0,5.3,6.3,1.5,0.0,1.8,0.8,3.5,9.8
198,Ekpe Udoh\udohek01,C,31,UTA,2,0,3.0,0.0,0.5,.000,0.0,0.0,,0.0,0.5,.000,.000,0.0,0.0,,0.0,0.0,0.0,0.0,0.0,0.0,0.0,0.0,0.0
199,Jarred Vanderbilt\vandeja01,PF,19,DEN,3,0,1.7,0.0,0.0,,0.0,0.0,,0.0,0.0,,,0.0,0.0,,0.0,0.3,0.3,0.0,0.0,0.3,0.0,0.0,0.0
200,Fred VanVleet\vanvlfr01,PG,24,TOR,18,0,22.1,2.1,5.7,.359,1.2,3.2,.379,0.8,2.5,.333,.466,0.7,0.9,.706,0.2,1.2,1.4,2.7,0.6,0.3,0.8,2.0,6.0
201,Nikola Vucevic\vucevni01,C,28,ORL,5,5,29.4,4.2,11.6,.362,0.6,2.6,.231,3.6,9.0,.400,.388,2.2,2.8,.786,1.8,6.2,8.0,3.0,0.4,1.0,2.6,2.4,11.2
202,Lonnie Walker\walkelo01,SG,20,SAS,6,0,3.5,0.5,1.3,.375,0.0,0.2,.000,0.5,1.2,.429,.375,0.0,0.0,,0.0,0.3,0.3,0.5,0.0,0.0,0.0,0.0,1.0
203,Tyrone Wallace\wallaty01,PG,24,LAC,2,0,5.5,0.5,2.0,.250,0.0,0.0,,0.5,2.0,.250,.250,1.0,1.5,.667,0.0,0.5,0.5,1.5,0.0,0.0,0.5,1.0,2.0
204,Brad Wanamaker\wanambr01,PG,29,BOS,4,0,4.3,0.8,1.8,.429,0.3,0.3,1.000,0.5,1.5,.333,.500,0.8,1.0,.750,0.0,0.3,0.3,0.8,0.3,0.0,0.5,0.0,2.5
205,Russell Westbrook\westbru01,PG,30,OKC,5,5,39.4,8.0,22.2,.360,2.2,6.8,.324,5.8,15.4,.377,.410,4.6,5.2,.885,1.4,7.4,8.8,10.6,1.0,0.6,4.6,3.8,22.8
206,Derrick White\whitede01,PG,24,SAS,7,7,27.3,5.9,10.7,.547,0.7,2.4,.294,5.1,8.3,.621,.580,2.7,3.7,.731,0.1,2.9,3.0,3.0,0.7,0.7,2.1,2.4,15.1
207,Lou Williams\willilo02,SG,32,LAC,6,0,29.3,7.5,17.3,.433,1.0,3.0,.333,6.5,14.3,.453,.462,5.7,6.8,.829,1.0,1.8,2.8,7.7,0.8,0.2,3.0,2.3,21.7
208,Robert Williams\williro04,C,21,BOS,3,0,4.3,0.3,0.7,.500,0.0,0.0,,0.3,0.7,.500,.500,0.7,0.7,1.000,0.3,2.0,2.3,0.0,0.0,0.0,0.0,0.3,1.3
209,D.J. Wilson\wilsodj01,PF,22,MIL,8,0,5.4,1.0,2.0,.500,0.1,0.6,.200,0.9,1.4,.636,.531,0.3,0.3,1.000,0.1,1.1,1.3,0.5,0.0,0.1,0.9,0.9,2.4
210,Guerschon Yabusele\yabusgu01,PF,23,BOS,4,0,3.5,0.5,1.0,.500,0.0,0.3,.000,0.5,0.8,.667,.500,1.0,1.8,.571,0.3,0.3,0.5,0.3,0.0,0.3,0.3,0.8,2.0
211,Thaddeus Young\youngth01,PF,30,IND,4,4,32.5,4.5,10.5,.429,0.5,2.0,.250,4.0,8.5,.471,.452,1.0,1.8,.571,2.3,4.8,7.0,3.8,2.8,0.8,1.3,2.5,10.5
212,Ivica Zubac\zubaciv01,C,21,LAC,4,3,9.8,2.3,4.5,.500,0.0,0.0,,2.3,4.5,.500,.500,0.5,0.8,.667,2.8,2.8,5.5,0.3,0.5,0.5,1.0,1.3,5.0